      a b c d e f g h i j k l m n o p q r s t u
      - - - - - - - - - - - - - - - - - - - - -
A |   0 0 0 0 1 1 1 1 1 1 1 1 1 1 1 1 1 0 0 0 0 |
B |   0 0 0 1 1 1 1 1 1 1 1 1 1 1 1 1 1 1 0 0 0 |
C |   0 0 1 1 1 1 1 1 1 1 1 1 1 1 1 1 1 1 1 0 0 |
D |   0 1 1 1 1 1 1 1 1 1 1 1 1 1 1 1 1 1 1 1 0 |
E |   1 1 1 1 1 1 1 1 1 1 1 1 1 1 1 1 1 1 1 1 1 |
F |   1 1 1 1 1 1 1 1 1 1 1 1 1 1 1 1 1 1 1 1 1 |
G |   1 1 1 1 1 1 1 1 1 1 1 1 1 1 1 1 1 1 1 1 1 |
H |   1 1 1 1 1 1 1 1 1 1 1 1 1 1 1 1 1 1 1 1 1 |
I |   1 1 1 1 1 1 1 1 1 1 1 1 1 1 1 1 1 1 1 1 1 |
J |   1 1 1 1 1 1 1 1 1 1 1 1 1 1 1 1 1 1 1 1 1 |
K |   1 1 1 1 1 1 1 1 1 1 1 1 1 1 1 1 1 1 1 1 1 |
L |   1 1 1 1 1 1 1 1 1 1 1 1 1 1 1 1 1 1 1 1 1 |
M |   1 1 1 1 1 1 1 1 1 1 1 1 1 1 1 1 1 1 1 1 1 |
N |   1 1 1 1 1 1 1 1 1 1 1 1 1 1 1 1 1 1 1 1 1 |
O |   1 1 1 1 1 1 1 1 1 1 1 1 1 1 1 1 1 1 1 1 1 |
P |   1 1 1 1 1 1 1 1 1 1 1 1 1 1 1 1 1 1 1 1 1 |
Q |   1 1 1 1 1 1 1 1 1 1 1 1 1 1 1 1 1 1 1 1 1 |
R |   0 1 1 1 1 1 1 1 1 1 1 1 1 1 1 1 1 1 1 1 0 |
S |   0 0 1 1 1 1 1 1 1 1 1 1 1 1 1 1 1 1 1 0 0 |
T |   0 0 0 1 1 1 1 1 1 1 1 1 1 1 1 1 1 1 0 0 0 |
U |   0 0 0 0 1 1 1 1 1 1 1 1 1 1 1 1 1 0 0 0 0 |
      - - - - - - - - - - - - - - - - - - - - - 
